0,1,3,1,4,2,2,1,2,1,3,2,2,1	194.136290401
1,2,2,2,2,3,3,2,3,2,3,2,4,1	254.112177467
2,5,6,4,3,5,5,6,5,5,4,5,5,1	452.439041168
3,7,6,7,4,7,5,7,5,4,6,5,6,1	519.054356351
4,5,7,6,8,6,8,6,8,5,6,8,5,1	602.166320491
5,9,6,7,6,7,7,9,8,8,9,8,7,1	714.459023428
6,9,9,7,7,10,9,10,7,10,10,8,9,1	817.091758995
7,8,8,9,11,10,8,11,9,8,8,9,10,1	843.397313158
8,10,10,10,9,9,10,12,11,10,11,11,9,1	946.367070377
9,11,11,11,13,11,11,13,11,13,11,11,11,1	1059.29952105
10,12,14,12,11,12,14,14,14,11,14,13,14,1	1203.14225743
11,12,12,15,15,14,14,12,15,15,13,15,13,1	1275.44283786
12,14,15,13,15,13,13,16,16,16,15,15,16,1	1380.2961142
13,15,17,16,15,14,17,17,15,15,14,15,16,1	1413.21601193
14,16,17,15,18,16,15,16,15,15,18,17,18,1	1511.03363729
15,16,17,19,18,17,17,19,18,16,17,19,16,1	1596.34642245
16,17,19,17,17,17,19,18,17,19,19,19,19,1	1680.21838551
17,21,21,21,20,18,21,21,18,21,21,19,20,1	1834.10658729
18,21,19,20,20,19,22,20,20,22,21,21,20,1	1882.3566745
19,23,20,22,21,20,23,20,20,21,20,22,20,1	1907.44638691
20,22,21,23,21,24,24,21,23,22,21,23,23,1	2051.1383941
21,22,25,24,22,22,23,22,25,24,22,24,25,1	2149.36360451
22,24,24,26,25,23,26,24,24,26,26,25,25,1	2284.3239831
23,24,27,26,25,27,27,27,26,25,24,25,27,1	2361.12894488
24,26,25,25,27,27,27,28,28,25,25,28,28,1	2452.38771171
25,26,26,26,27,27,26,28,26,26,28,28,29,1	2491.21718913
26,30,29,28,29,28,30,27,28,29,30,30,28,1	2634.25516212
27,31,31,30,29,30,29,28,28,31,30,31,31,1	2735.13978805
28,32,32,31,32,32,29,29,30,31,32,30,32,1	2821.06607873
29,33,32,33,30,31,30,32,31,31,33,32,33,1	2904.34409566
30,34,34,31,34,31,31,33,34,33,32,32,31,1	2950.2527889
31,33,34,32,33,33,35,32,33,35,34,35,35,1	3101.43327627
32,36,36,36,34,33,35,36,34,35,36,35,33,1	3172.054137
33,36,36,37,34,34,34,36,36,36,37,36,36,1	3266.13406501
34,38,35,37,35,37,37,37,37,37,35,37,35,1	3316.04927821
35,38,36,38,39,36,36,39,36,37,39,37,37,1	3408.13860944
36,37,38,40,39,39,37,40,40,40,39,39,37,1	3544.47131606
37,41,41,39,38,39,41,40,38,38,41,40,40,1	3616.25053976
38,41,40,39,40,42,42,42,40,39,41,42,40,1	3717.2009593
39,41,42,42,42,42,42,43,43,42,42,42,40,1	3822.21417132
40,41,41,44,42,44,44,43,41,41,41,43,42,1	3853.16400554
41,42,42,45,45,45,42,43,42,42,42,43,43,1	3913.1260276
42,43,45,44,45,46,44,43,44,46,45,45,46,1	4095.36330603
43,47,47,47,44,46,47,47,47,44,47,45,47,1	4212.39203125
44,46,46,45,45,47,46,47,47,47,47,45,45,1	4208.37108455
45,47,46,49,47,46,48,48,47,48,49,49,46,1	4346.45446504
46,50,47,50,49,49,48,49,50,50,50,50,47,1	4479.46786652
47,50,51,49,51,50,51,50,51,48,50,49,50,1	4549.27802477
48,52,51,49,51,51,51,52,52,50,49,52,51,1	4643.38514912
49,51,51,52,53,51,53,52,52,50,50,52,50,1	4676.31088821
50,54,53,51,52,51,53,54,54,53,51,54,52,1	4805.01054087
51,54,52,55,55,54,52,55,53,55,54,53,54,1	4911.23611164
52,53,56,53,55,54,55,53,54,56,54,54,54,1	4950.29849967
53,56,55,54,55,55,55,56,57,56,56,54,55,1	5050.09226416
54,55,58,56,58,55,58,55,56,57,57,57,55,1	5142.22614476
55,57,56,57,57,56,59,59,58,56,58,57,56,1	5217.02127822
56,58,59,59,58,59,57,59,60,59,60,60,58,1	5378.38469507
57,58,59,60,60,58,58,58,58,59,61,61,58,1	5391.31818945
58,59,61,59,61,59,60,59,59,59,61,60,62,1	5478.26468668
59,62,62,61,60,61,60,63,60,61,60,60,63,1	5566.43106078
60,61,61,62,63,62,63,64,64,62,63,61,61,1	5681.41016109
61,64,63,63,62,65,63,63,63,65,65,64,64,1	5821.12582945
62,66,65,66,66,63,63,64,66,64,66,65,64,1	5900.4377439
63,65,66,65,66,67,64,65,65,67,66,67,65,1	5995.36773436
64,68,65,67,65,65,66,68,67,65,68,67,65,1	6048.3701876
65,69,66,68,69,66,68,67,67,66,67,67,67,1	6115.41341992
66,67,69,70,69,68,70,68,70,67,69,69,68,1	6259.04321681
67,70,69,70,69,70,68,68,71,69,71,68,68,1	6303.27905101
68,69,70,69,69,71,69,72,70,69,70,72,72,1	6426.42977082
69,73,72,70,71,72,73,72,70,73,72,73,73,1	6576.34222708
70,73,74,72,74,73,73,71,73,74,71,74,73,1	6642.28285765
71,74,75,75,72,73,74,72,72,72,74,72,74,1	6658.39861518
72,76,76,75,73,76,73,75,74,76,76,76,75,1	6847.27471962
73,75,74,76,74,75,76,74,75,76,77,76,74,1	6863.0278618
74,77,75,78,77,76,75,76,78,77,76,78,77,1	6998.20892121
75,77,77,79,77,79,79,77,79,76,77,79,79,1	7111.33846236
76,79,78,80,79,77,78,79,79,77,78,79,77,1	7125.26171167
77,79,79,79,81,80,78,80,80,79,79,79,79,1	7227.44888803
78,80,82,82,82,81,81,79,81,79,80,80,80,1	7320.28677762
79,82,83,81,83,82,82,80,81,81,81,81,81,1	7406.1597154
80,82,82,83,83,81,82,82,81,84,82,82,82,1	7488.14843818
81,83,83,85,84,83,83,84,84,84,82,85,84,1	7631.44616114
82,83,83,85,84,85,84,85,83,84,84,84,85,1	7673.35162502
83,86,84,85,87,85,87,84,87,87,86,87,87,1	7861.3571581
84,88,85,85,87,87,88,86,87,86,87,86,88,1	7906.22973595
85,87,89,88,89,89,86,87,87,86,86,88,88,1	7958.3861798
86,90,87,89,87,90,87,87,90,88,88,88,90,1	8061.42677455
87,88,88,89,88,88,89,91,88,89,90,90,89,1	8125.36230499
88,90,92,89,92,92,91,89,91,91,90,89,91,1	8245.08802067
89,91,92,90,92,90,92,91,92,90,91,90,90,1	8272.35146015
90,94,92,94,91,91,93,94,92,93,92,93,92,1	8430.34982214
91,94,92,93,95,92,94,95,93,95,92,94,94,1	8535.00261229
92,96,93,96,93,96,93,93,93,95,96,94,96,1	8616.42163325
93,94,94,94,96,95,97,95,96,96,94,97,95,1	8699.43327426
94,96,95,96,97,96,96,95,97,97,98,96,95,1	8770.16074449
95,98,98,99,97,99,96,98,99,97,96,96,97,1	8860.48868359
96,99,98,100,99,99,100,98,98,99,100,100,99,1	9034.42587058
97,100,101,100,99,99,101,98,101,98,99,100,101,1	9085.08865509
98,102,102,102,99,99,101,99,100,101,101,101,102,1	9177.27591728
99,100,102,101,100,101,103,100,102,102,102,100,102,1	9236.426841
100,102,104,101,104,103,102,101,102,102,104,104,103,1	9363.25121098
101,104,103,104,105,104,103,102,103,105,102,102,105,1	9422.02853217
102,103,105,105,105,106,106,103,105,106,106,103,106,1	9569.07460054
103,107,106,104,105,107,105,104,105,104,106,104,107,1	9589.01255784
104,108,106,105,106,105,106,105,108,108,107,106,106,1	9693.19198118
105,106,109,106,107,109,109,106,109,107,108,106,107,1	9784.08608233
106,110,110,108,108,107,107,110,109,110,107,107,108,1	9859.01304525
107,111,110,108,110,111,108,110,109,109,110,109,109,1	9963.41583697
108,109,112,112,109,112,109,109,109,109,109,109,109,1	9971.16561315
109,111,113,111,113,113,112,112,112,113,112,112,111,1	10208.3492043
110,112,113,114,112,112,113,113,114,111,111,113,112,1	10239.1817212
111,115,113,115,115,114,112,114,112,114,115,113,114,1	10360.2197948
112,115,115,115,115,113,114,115,116,115,115,114,113,1	10428.0665428
113,115,116,114,115,115,114,114,117,116,117,117,117,1	10561.4399607
114,118,115,116,117,117,118,115,116,116,117,118,117,1	10634.0194221
115,116,116,116,119,118,117,116,116,117,117,118,117,1	10661.4178391
116,120,117,119,119,120,117,120,118,118,117,119,119,1	10795.385192
117,118,120,119,118,118,121,119,119,120,119,118,118,1	10830.0738822
118,119,119,121,121,120,121,120,119,119,119,121,121,1	10938.4075295
119,120,120,123,120,121,123,123,122,120,120,120,122,1	11040.1735333
120,123,124,123,124,121,124,122,123,123,121,121,124,1	11166.2369134
121,125,122,122,124,124,124,125,125,124,123,122,124,1	11265.208645
122,123,124,123,126,124,126,125,124,126,126,126,126,1	11414.3706327
123,125,127,127,126,125,127,124,125,127,127,124,124,1	11429.3143206
124,127,125,125,125,125,128,127,126,126,126,128,128,1	11534.127442
125,126,128,129,128,129,128,126,126,128,126,127,126,1	11571.2852215
126,130,127,127,128,130,128,129,127,128,130,130,128,1	11714.0807987
127,128,128,129,130,129,129,128,130,131,128,130,128,1	11760.2671826
128,130,129,132,129,130,132,129,131,132,130,130,132,1	11903.4693601
129,131,130,130,132,133,131,132,133,130,132,132,131,1	11982.3155092
130,133,131,133,131,132,133,131,131,133,133,134,133,1	12070.2706273
131,134,135,132,135,132,132,134,133,133,135,132,134,1	12147.4659065
132,136,136,136,133,136,134,136,134,134,135,133,135,1	12259.2664601
133,135,134,136,136,135,136,135,136,136,137,134,136,1	12352.0348529
134,137,138,137,137,136,137,136,137,138,135,136,138,1	12456.436988
135,136,138,136,136,139,138,136,137,138,138,137,139,1	12529.4958839
136,138,138,138,138,137,139,139,138,137,140,138,137,1	12578.1752043
137,139,139,139,139,138,140,138,139,141,141,138,141,1	12710.3525196
138,139,141,141,141,140,139,140,139,140,141,140,140,1	12757.4187584
139,142,140,143,143,140,143,141,140,141,143,143,141,1	12905.1860206
140,142,141,141,142,141,143,141,141,143,142,144,144,1	12971.1933844
141,143,144,142,142,144,143,145,143,144,144,144,142,1	13061.2512166
142,144,143,146,145,145,145,144,146,144,146,146,143,1	13190.4671061
143,147,144,147,144,147,146,147,145,145,147,147,145,1	13292.4042225
144,147,146,148,147,147,145,145,148,148,148,146,146,1	13364.4961565
145,149,149,147,147,147,146,148,148,148,148,146,148,1	13431.0864511
146,147,148,149,147,149,150,150,149,148,147,148,150,1	13537.2804096
147,149,150,148,151,151,148,148,150,150,150,151,150,1	13644.076103
148,149,149,149,151,151,149,150,151,152,152,150,149,1	13695.4548067
149,150,153,152,151,152,150,152,152,150,150,151,150,1	13743.1270451
150,154,154,153,151,153,154,153,153,153,153,153,151,1	13910.2784029
151,152,153,155,155,155,154,153,152,153,154,152,152,1	13947.1787509
152,153,153,153,156,153,156,156,155,155,155,156,155,1	14118.2427311
153,154,157,154,155,154,154,156,157,154,155,155,155,1	14120.3120276
154,155,157,156,156,158,158,158,155,156,157,155,155,1	14228.3259538
155,157,157,157,157,156,157,157,157,159,156,156,158,1	14303.4484093
156,158,159,157,159,158,159,160,157,160,157,158,160,1	14443.2058362
157,161,159,160,159,161,159,161,159,160,158,161,159,1	14540.2254875
158,161,159,160,161,162,162,160,162,161,160,162,159,1	14641.2675979
159,163,162,160,161,163,162,161,160,161,162,161,160,1	14674.4022227
160,164,162,162,162,163,162,164,163,163,163,163,164,1	14848.0953663
161,162,163,165,164,165,165,163,165,164,163,164,162,1	14909.2153521
162,165,165,165,165,166,165,166,166,165,166,163,166,1	15049.2995834
163,164,164,166,167,164,167,166,166,166,167,165,164,1	15080.3718797
164,167,165,166,167,168,168,166,168,166,165,165,166,1	15143.3696278
165,166,168,168,167,169,168,168,167,169,168,167,168,1	15285.0036633
166,170,170,168,169,170,167,169,167,169,167,167,169,1	15319.4833198
167,169,171,168,171,168,171,168,170,168,170,171,169,1	15437.2982974
168,172,170,169,172,170,169,170,171,170,170,170,170,1	15494.2789012
169,173,173,170,172,173,173,170,172,172,171,171,173,1	15647.2079659
170,174,171,174,173,174,173,172,171,171,174,172,174,1	15726.3879044
171,174,175,172,174,173,174,174,175,172,172,175,174,1	15813.0147056
172,173,176,174,176,176,176,175,176,175,173,176,175,1	15948.0701265
173,176,177,175,174,174,176,174,176,176,175,174,176,1	15953.152083
174,176,176,177,175,176,178,178,176,175,178,178,178,1	16119.1106676
175,176,179,176,177,176,178,178,176,178,178,176,178,1	16141.18463
176,180,179,177,180,179,179,178,179,179,180,177,180,1	16291.4701569
177,181,179,179,180,180,179,179,180,179,181,181,181,1	16397.4641252
178,180,181,181,179,181,182,182,180,180,179,180,179,1	16406.2673802
179,183,181,181,181,182,181,183,183,181,181,180,181,1	16515.3292887
180,182,181,182,183,181,181,183,184,183,183,183,181,1	16609.2611155
181,185,185,183,185,185,185,182,182,182,184,182,185,1	16709.1197263
182,185,183,184,184,183,184,184,185,185,186,186,183,1	16801.2501597
183,186,187,186,186,186,186,187,185,185,187,185,184,1	16902.0162629
184,187,185,186,185,186,186,186,188,185,188,185,185,1	16937.2807251
185,187,187,189,187,187,186,186,189,187,186,187,189,1	17055.0425834
186,189,189,187,188,188,187,189,188,188,188,189,188,1	17134.4912625
187,191,189,188,190,191,189,190,188,189,189,189,190,1	17240.1125781
188,191,189,189,190,192,189,191,192,190,189,190,191,1	17330.2213394
189,193,191,190,191,191,191,191,191,191,191,192,191,1	17405.0391455
190,193,191,194,191,193,192,192,193,193,192,192,193,1	17524.1669549
191,193,193,194,193,192,193,192,195,192,192,193,192,1	17549.3949289
192,194,194,196,193,194,195,196,193,195,194,196,196,1	17743.3569443
193,196,197,195,197,194,195,195,196,196,195,195,194,1	17775.2094909
194,197,195,196,195,198,198,196,196,198,196,195,196,1	17876.4378249
195,198,199,199,199,199,198,199,199,199,198,196,196,1	18024.1157819
196,198,200,199,197,200,197,198,199,197,200,200,200,1	18111.3063818
197,201,201,198,200,201,200,198,198,199,198,201,198,1	18134.0929009
198,200,202,199,202,200,201,199,202,200,201,201,200,1	18264.1186956
199,200,203,202,202,203,200,200,200,203,203,200,200,1	18321.2787781
